10
15
-887 488 -409 91 -227 717 -739 788 242 -726 -293 -114 -570 859 -285 
-266 -577 -131 -977 -830 -298 -344 348 -663 -639 900 -898 579 284 -398 
-164 20 856 198 269 -760 -866 665 924 -193 -482 -600 -382 641 -231 
812 215 922 -283 -698 113 -555 -831 -799 585 457 -861 -747 -270 -127 
614 -318 -497 -360 437 687 30 232 -411 -525 -401 -243 -56 216 652 
-698 -963 706 568 -452 -316 -820 -139 -18 488 -609 -150 654 613 812 
-900 881 -65 51 192 835 896 978 -796 81 -218 983 332 -758 702 
-645 500 -47 -452 283 419 -567 -315 -819 -811 434 820 521 151 45 
-164 375 619 -223 -626 -282 822 893 -977 816 -595 -941 502 -514 766 
-300 -153 -381 279 133 -109 897 106 -671 -608 667 195 -246 -139 758 
