20
30
18 720 -451 -349 -121 -54 -31 -473 214 410 -986 167 871 676 353 -373 -699 -170 695 -459 -610 414 -457 515 -162 -252 -702 -935 -394 809 
400 528 -795 554 -329 -919 -510 94 -896 -185 -730 560 -203 775 218 993 -362 -102 612 -69 200 605 -139 -201 -123 604 176 34 813 -869 
-352 -96 920 405 -990 -514 -39 -683 4 272 -863 207 -275 -121 -729 -171 -384 -232 -703 -156 -891 399 -548 675 -392 795 -333 406 -324 67 
-96 456 281 973 -833 365 639 392 765 -269 32 -679 893 -660 -207 993 -121 981 -472 -953 -13 -592 -263 -31 -979 249 -549 -755 -204 -785 
819 555 641 937 -632 -319 926 -248 -288 -95 189 224 2 565 811 788 505 -888 -119 -385 -84 -315 -123 -372 -921 -505 -281 -689 951 -82 
-86 394 -404 550 -89 476 -320 956 971 -888 -933 -874 269 622 -143 763 405 171 157 -767 743 -662 363 -820 299 134 -323 12 857 872 
962 614 -200 794 990 795 -373 452 -347 -665 108 549 -860 -231 -452 -211 416 254 770 -684 89 547 154 718 174 -425 -969 -585 -749 777 
-202 667 -902 -901 -850 -548 325 474 631 62 135 953 -483 -179 125 -806 -803 -407 632 -491 717 422 241 541 -217 -586 -540 82 -381 415 
763 -788 201 -124 537 440 450 -959 -381 -905 463 941 623 -293 181 136 29 -668 -407 -20 -623 437 -217 741 -941 375 -574 -443 315 735 
992 -757 -145 -784 299 -77 -248 641 284 685 -257 -844 974 536 45 776 799 -467 -641 646 384 -873 -512 638 37 -674 429 459 -184 -839 
13 -108 -275 -117 -897 219 85 406 408 -743 -616 388 47 -92 -764 -779 462 246 -305 -717 575 892 -803 669 -650 864 755 216 179 -28 
494 292 -176 122 -329 851 430 91 432 826 -310 -607 125 -898 262 996 80 580 402 -185 -137 -818 -237 -467 -414 121 -306 56 -468 -761 
464 869 -773 -565 -237 91 -437 924 -763 -615 -209 -629 814 -131 592 182 -233 -905 -594 -646 -216 -826 814 -637 -891 312 -472 -709 -464 549 
156 -627 -442 193 -639 -179 -834 -311 338 -829 433 155 343 16 -977 -508 -633 894 -60 403 -646 -401 -350 -822 454 290 -946 863 -674 451 
-438 -729 387 -313 229 -582 812 -380 -492 -229 16 -923 -243 -765 -80 629 -169 -202 -660 616 -56 -366 351 133 194 -443 723 -621 738 70 
-234 -698 -638 886 608 161 767 -345 787 605 -321 746 385 -832 -613 -724 842 -585 257 825 -542 256 523 -290 -493 928 -80 -746 493 -328 
-305 433 -118 437 -995 -287 715 -130 -374 759 861 -824 10 -266 -63 197 248 182 -255 -82 -286 307 121 913 -388 510 -221 652 379 680 
-760 512 161 114 -90 246 -136 948 -837 674 -440 -29 788 498 963 -718 -755 -212 772 309 -321 737 509 -425 957 387 -689 -32 -175 -505 
933 -937 490 -55 518 -652 14 896 823 691 -668 300 19 71 -643 743 518 623 949 -671 264 991 879 -930 1 -497 -997 -414 157 522 
-66 895 122 668 740 -503 481 -158 979 615 267 -651 -36 -919 -24 378 -283 -562 -783 -786 868 -313 19 -505 230 942 -816 420 944 15 
